The concept class:
H,X 	0	1	2	3	4	
h0 	1	1	0	0	0	
h1 	0	1	1	0	0	
h2 	0	0	1	1	0	
h3 	0	0	0	1	1	
h4 	1	0	0	0	1	
h5 	0	1	0	1	1	
h6 	0	1	1	0	1	
h7 	1	0	1	1	0	
h8 	1	0	1	0	1	
h9 	1	1	0	1	0	
Preferance Function:
	h0	h1	h2	h3	h4	h5	h6	h7	h8	h9	
h0	11	1	2	4	11	11	0	3	11	11	
h1	11	11	11	11	11	11	11	11	11	0	
h2	11	11	11	11	11	11	11	11	0	11	
h3	11	11	11	11	0	11	11	11	11	11	
h4	11	11	11	11	11	11	11	11	11	11	
h5	11	11	11	11	11	11	11	11	11	11	
h6	11	11	11	11	11	0	11	11	11	11	
h7	11	11	11	11	11	11	11	11	11	11	
h8	11	11	11	11	11	11	11	11	11	11	
h9	11	11	11	11	11	11	11	11	11	11	
Teaching Sequence:
h0	
h1	(x4, 0)	
h2	(x1, 0)	
h3	(x2, 0)	
h4	(x2, 0)	(x0, 1)	
h5	(x4, 1)	(x4, 1)	
h6	(x4, 1)	
h7	(x0, 1)	
h8	(x1, 0)	(x1, 0)	
h9	(x4, 0)	(x4, 0)	
